0.1, 0.5, 0.06: 96, 96, 96, 94, 96,
0.2, 0.7, 0.06: 67, 84, 96, 93, 67,
0.3, 0.7, 0.06: 71, 92, 85, 73, 97,
0.1, 0.4, 0.1: 91, 89, 95, 96, 85,
0.3, 0.7, 0.1: 91, 61, 94, 87, 82,
0.2, 0.5, 0.06: 97, 87, 63, 95, 97,
0.1, 0.4, 0.06: 94, 99, 93, 97, 91, 
0.1, 0.7, 0.06: 94, 93, 92, 97, 93,
0.2, 0.5, 0.14: 90, 90, 87, 90, 88,
0.3, 0.4, 0.1: 95, 90, 95, 93, 93,
0.1, 0.7, 0.1: 83, 89, 93, 66, 90,
0.3, 0.6, 0.1: 81, 88, 72, 86, 85,
0.3, 0.4, 0.06: 94, 93, 92, 95, 93,
0.3, 0.5, 0.14: 78, 80, 89, 81, 84,
0.1, 0.7, 0.14: 94, 89, 85, 93, 90,
0.2, 0.7, 0.1: 90, 80, 80, 59, 71,
0.1, 0.5, 0.14: 96, 90, 93, 94, 92,
0.1, 0.6, 0.06: 98, 96, 97, 97, 97,
0.3, 0.6, 0.14: 87, 84, 74, 89, 70,
0.1, 0.6, 0.14: 90, 88, 92, 89, 84,
0.1, 0.4, 0.14: 92, 93, 92, 91, 94,
0.2, 0.6, 0.14: 80, 93, 81, 84, 85,
0.2, 0.4, 0.1: 93, 88, 94, 95, 96, 
0.3, 0.7, 0.14: 84, 57, 71, 66, 77, 
0.3, 0.4, 0.14: 83, 88, 90, 84, 89,
0.2, 0.6, 0.06: 77, 96, 97, 88, 94,
0.1, 0.5, 0.1: 76, 97, 95, 90, 92, 
0.1, 0.6, 0.1: 89, 94, 92, 94, 96, 
0.2, 0.6, 0.1: 96, 95, 68, 97, 93, 
0.3, 0.5, 0.1: 93, 86, 89, 93, 76,
0.3, 0.5, 0.06: 90, 87, 92, 93, 93,
0.3, 0.6, 0.06: 92, 87, 85, 91, 92,
0.2, 0.4, 0.14: 90, 87, 86, 88, 96,
0.2, 0.5, 0.1: 95, 88, 92, 92, 93,
0.2, 0.7, 0.14: 81, 87, 80, 75, 95,
0.2, 0.4, 0.06: 95, 96, 93, 98, 69

